2252.459757198782 2.198825637098654e-11 -2807.265662483765 5.187583473988202e-12 -1.237331811546447e-11 1448.102366351245
3.258959264560921e-11 -7.104479622904797e-12 -1.811295254408596e-11 -9.362956023678457e-13 5.222770136154071e-12 8.342427497507604e-12
3.258959264560921e-11 -7.104479622904797e-12 -1.811295254408596e-11 -9.362956023678457e-13 5.222770136154071e-12 8.342427497507604e-12
3.258959264560921e-11 -7.104479622904797e-12 -1.811295254408596e-11 -9.362956023678457e-13 5.222770136154071e-12 8.342427497507604e-12
3.258959264560921e-11 -7.104479622904797e-12 -1.811295254408596e-11 -9.362956023678457e-13 5.222770136154071e-12 8.342427497507604e-12
3.258959264560921e-11 -7.104479622904797e-12 -1.811295254408596e-11 -9.362956023678457e-13 5.222770136154071e-12 8.342427497507604e-12
-73.12689641992004 -5.870308054400252e-13 -174.7481543663976 1.40708849105324e-12 2.668401031717015e-12 117.8334187739554
-2.948071703138991e-13 -1.020301151746777e-13 0 -2.784130568327437e-14 7.897936127064484e-14 0
-2.948071703138991e-13 -1.020301151746777e-13 0 -2.784130568327437e-14 7.897936127064484e-14 0
-2.948071703138991e-13 -1.020301151746777e-13 0 -2.784130568327437e-14 7.897936127064484e-14 0
-2.948071703138991e-13 -1.020301151746777e-13 0 -2.784130568327437e-14 7.897936127064484e-14 0
-2.948071703138991e-13 -1.020301151746777e-13 0 -2.784130568327437e-14 7.897936127064484e-14 0
-2.948071703138991e-13 -1.020301151746777e-13 0 -2.784130568327437e-14 7.897936127064484e-14 0
-2.948071703138991e-13 -1.020301151746777e-13 0 -2.784130568327437e-14 7.897936127064484e-14 0
2252.459757198782 2.05981450437177e-11 -2807.265662483765 5.137089682641672e-12 -1.143225941139214e-11 1448.102366351245
-1.715241718189958e-12 9.176096165081503e-13 -5.488773498207865e-13 -4.119383595112009e-27 -4.946222364427072e-13 1.986292261311334e-13
-1.715241718189958e-12 9.176096165081503e-13 -5.488773498207865e-13 -4.119383595112009e-27 -4.946222364427072e-13 1.986292261311334e-13
-73.12689641998438 1.445507412575138e-11 -174.7481543663633 3.475189064093275e-12 -7.967970865015232e-12 117.8334187739391
7.504182517081067e-13 1.160000495101528e-12 0 -6.865639325186682e-28 -7.850452842266183e-13 0
7.504182517081067e-13 1.160000495101528e-12 0 -6.865639325186682e-28 -7.850452842266183e-13 0
7.504182517081067e-13 1.160000495101528e-12 0 -6.865639325186682e-28 -7.850452842266183e-13 0
