2252.459757198786 2.174974434149131e-11 -2807.265662483771 4.978406721004818e-12 -1.226200962375173e-11 1448.102366351248
2.973085644862594e-11 -7.222562048619164e-12 -1.921070724372753e-11 -1.054338040738843e-12 5.350209549701806e-12 9.534202854294405e-12
2.973085644862594e-11 -7.222562048619164e-12 -1.921070724372753e-11 -1.054338040738843e-12 5.350209549701806e-12 9.534202854294405e-12
2.973085644862594e-11 -7.222562048619164e-12 -1.921070724372753e-11 -1.054338040738843e-12 5.350209549701806e-12 9.534202854294405e-12
2.973085644862594e-11 -7.222562048619164e-12 -1.921070724372753e-11 -1.054338040738843e-12 5.350209549701806e-12 9.534202854294405e-12
2.973085644862594e-11 -7.222562048619164e-12 -1.921070724372753e-11 -1.054338040738843e-12 5.350209549701806e-12 9.534202854294405e-12
-73.1268964199265 -8.257542441945254e-13 -174.7481543664004 1.229102561172592e-12 2.805015396278371e-12 117.8334187739574
-3.57342024622908e-13 -7.931691683283407e-14 3.430483436379916e-14 -2.493283565079279e-14 6.426967142703656e-14 -2.482865326639168e-14
-3.57342024622908e-13 -7.931691683283407e-14 3.430483436379916e-14 -2.493283565079279e-14 6.426967142703656e-14 -2.482865326639168e-14
-3.57342024622908e-13 -7.931691683283407e-14 3.430483436379916e-14 -2.493283565079279e-14 6.426967142703656e-14 -2.482865326639168e-14
2252.459757198784 2.029562680657354e-11 -2807.265662483771 4.934641919966097e-12 -1.127760952497005e-11 1448.102366351248
2.858736196983264e-13 -3.727251110408875e-13 0 0 2.009112858940544e-13 0
2.858736196983264e-13 -3.727251110408875e-13 0 0 2.009112858940544e-13 0
-73.12689641998297 1.304180742434311e-11 -174.7481543663636 3.455182368192434e-12 -7.224270682734838e-12 117.8334187739393
8.040195554015429e-13 1.267975346854387e-12 3.430483436379916e-14 0 -8.581186566446453e-13 -2.482865326639168e-14
2252.459757198786 2.174974434149131e-11 -2807.265662483771 4.978406721004818e-12 -1.226200962375173e-11 1448.102366351248
0 -3.727251110408952e-13 0 6.865639325186682e-28 2.009112858940559e-13 0
0 -3.727251110408952e-13 0 6.865639325186682e-28 2.009112858940559e-13 0
-73.12689641998297 1.304180742434311e-11 -174.7481543663636 3.455182368192434e-12 -7.224270682734838e-12 117.8334187739393
8.040195554015429e-13 1.267975346854387e-12 3.430483436379916e-14 0 -8.581186566446453e-13 -2.482865326639168e-14
2252.459757198786 2.174974434149131e-11 -2807.265662483771 4.978406721004818e-12 -1.226200962375173e-11 1448.102366351248
0 -3.727251110408952e-13 0 6.865639325186682e-28 2.009112858940559e-13 0
0 -3.727251110408952e-13 0 6.865639325186682e-28 2.009112858940559e-13 0
-73.12689641998297 1.304180742434311e-11 -174.7481543663636 3.455182368192434e-12 -7.224270682734838e-12 117.8334187739393
8.040195554015429e-13 1.267975346854387e-12 3.430483436379916e-14 0 -8.581186566446453e-13 -2.482865326639168e-14
